640 480
-30 30
-40 40
0 70
0.0000000012
2
0
800.327082 0.000000 320.624332 0
0.000000 799.660108 224.617841 0
0.000000 0.000000 1.000000 0
500
1
1.57 0 0
0.99853119 -0.04753430 0.02599895 -0.139531
0.04711373 0.99875230 0.01655686  0.503853
-0.02675353 -0.01530764 0.99952485  -2.02093
0 0 0 1
0.0 0.0 1.69296937 0.0 3.65 0



  
  

3.3953465908358629e+02 0.000000 3.2621064988064376e+02 0
0.000000 3.3974958654868493e+02 2.3435924915637651e+02 0
0.000000 0.000000 1.000000 0

800.327082 0.000000 320.624332 0
0.000000 799.660108 224.617841 0
0.000000 0.000000 1.000000 0

804.268317 0.000000 331.551036 0
0.000000 807.356679 233.324596 0
0.000000 0.000000 1.000000 0

   



